149
786009011618316338
602848010400956428
569905450191945759
569248425086812200
569913746953076746
569262982316556356
571391300310663176
602955857092935700
693211260656943145
569905916036513802
569264786542428170
569905387961319425
577123662885421086
570208938906353674
569907023211266088
571799824408641553
595728239624847372
599931144363835392
596772682192781320
693229091712663622
570665532945203214
569914790798032913
600022326515335178
600022075121467413
574301834379001871
570665098314645506
570334393156239360
571393195301273631
571393236619231264
571394267793195008
570349497167904780
594287789303005194
569555623620902947
640164113380540417
569555330070216734
570305629713858707
671455780163026996
595726408253308956
595538133060157451
585114674459312140
602956043441668135
602955998524735488
585234457124929536
570665469980180517
585105779854540810
845393709804683314
571801942700064779
694621409007108196
569262861440909321
570690413023854614
571809799097024519
775029237757378590
775148916429029376
575078229430370327
808120751437512714
570305806185136341
570209110989996034
602064951556702219
570305864553070633
830175502383841361
601173244720185362
570690316051415048
792809657667551233
810185537478066236
569554457352863765
726391422759993394
698297461697020005
601170537124986910
569876251146190848
612316186545487904
782924954667712532
818194254186414111
675106734057979970
571810604893863936
739919856664707163
617018941050585157
796899192014110750
570305731203694603
781621843189825536
570690192420372480
731238417219715211
815974060403851265
839854918524993586
595726465774125056
570305593852690446
570690251744346248
830175895326687232
824627162258735114
571810530872786966
601170824203993088
590268037891096577
586250009822101506
601173915808825355
819877300488765471
569908605437083668
596266057304637440
585961326849949696
623241442449424387
584891052607930371
570984425526132736
606584994223227016
693212060317646849
572377389942833152
570305554430427136
780912913208573972
569552330538614794
835513484925992970
571709942747234369
590616496477044766
570305776510304276
606584343221108739
571810636938346506
703717889605238825
599941667449208862
584890961784602624
584891805527572481
570122112455671808
570984489019375628
570305478429638656
693210466037792819
569876304531292179
701099091270041610
742152688204120205
640158369335738379
586918711022321693
817397501707550731
772471350405103636
601171217625645056
652178398969462800
594666253264617484
656631965235019786
590268426140909632
590272145951555615
693080140950929448
622815316451262538
713703540345929828
775029099114266667
765548109572079667
594966380223397918
785157179442200587
714944671469666357
583583516948692992
613401658470301707
652934035009699841
590625446723584001
570208811814617118
858706702153416754
878307789032816640
891389807694053386